661
677
71
47
709
653
173
151
773
199
811
97
491
773
97
431
461
251
829
607
719
907
487
73
307
509
167
479
47
883
137
547
439
101
379
443
719
5
37
197
619
947
601
821
37
839
701
757
601
683
733
463
43
787
223
997
313
827
479
233
199
617
751
641
109
73
463
29
283
691
827
83
617
911
257
719
283
797
47
701
277
281
19
151
541
953
467
673
389
677
877
251
491
613
239
857
419
601
193
761
199
439
787
353
631
641
401
829
211
449
61
61
229
431
227
457
79
127
509
677
409
257
461
887
523
883
211
41
421
569
757
257
397
787
947
449
379
107
599
947
839
463
29
349
971
367
29
593
613
389
293
53
827
541
79
37
983
419
61
421
173
877
311
29
347
241
131
337
461
331
983
809
127
521
677
701
79
367
71
41
503
983
991
29
199
13
673
103
139
839
977
499
829
761
691
157
691
523
919
643
607
443
193
113
659
233
701
941
107
809
467
521
263
907
479
487
373
983
167
433
907
463
167
431
353
761
17
239
647
827
569
163
691
37
397
881
61
983
307
167
229
29
677
619
163
971
401
331
787
3
379
137
181
71
61
263
643
937
719
157
43
197
331
433
71
373
199
659
853
193
337
31
683
163
461
787
353
89
281
271
347
239
593
461
127
97
179
139
967
349
947
7
277
7
311
739
17
853
601
17
239
907
151
53
709
463
337
283
11
809
109
661
601
211
797
29
127
491
349
653
157
409
503
263
97
641
167
181
71
691
439
173
439
101
229
3
877
653
47
881
101
379
47
887
997
647
73
79
461
211
227
839
431
569
563
653
821
769
127
947
379
829
163
971
79
239
317
103
953
523
761
769
859
787
853
59
727
107
283
769
673
359
331
73
331
17
521
29
211
373
337
613
727
457
307
37
463
179
661
317
23
983
491
197
739
463
599
733
109
109
157
11
983
727
673
149
163
199
191
607
109
71
23
691
523
433
419
179
73
271
167
839
631
53
521
467
601
59
223
149
271
317
491
103
47
293
5
631
47
631
5
523
983
839
601
823
373
17
31
167
97
229
131
631
2
313
593
349
709
139
107
941
881
457
61
17
419
41
773
947
389
457
991
839
317
461
337
659
659
641
661
733
293
733
47
251
13
839
883
71
313
421
307
431
379
41
883
367
887
233
503
907
349
13
547
823
181
521
367
499
241
983
863
947
743
113
139
257
421
449
13
359
743
47
367
359
151
811
787
443
991
127
331
557
61
827
619
877
907
577
467
503
233
733
173
661
167
431
41
163
523
163
113
83
41
997
577
149
127
607
877
233
313
431
181
839
193
719
983
307
317
239
617
311
967
331
61
271
983
317
487
857
193
179
79
73
313
293
227
797
107
499
829
13
109
937
571
397
409
193
683
863
523
167
137
971
47
887
281
401
239
823
5
47
61
137
359
673
853
409
31
103
491
43
659
367
743
13
443
347
113
617
191
419
101
641
251
97
71
827
823
479
271
173
389
199
127
647
73
13
229
97
5
103
911
149
521
757
587
71
673
181
107
277
263
83
7
631
937
149
31
181
761
653
137
929
17
997
97
491
701
509
977
457
827
233
571
947
269
433
607
113
317
283
223
811
997
491
839
157
241
233
461
2
367
821
601
109
113
353
467
463
977
179
821
563
641
823
809
19
509
29
673
353
431
613
787
457
397
167
379
5
769
769
563
607
577
223
599
131
47
647
857
73
587
499
719
991
67
733
101
523
367
503
613
53
691
439
467
431
311
3
181
443
193
43
587
157
5
19
859
11
653
443
613
137
173
367
829
557
83
773
5
811
2
727
521
157
37
719
137
331
617
233
317
479
577
67
811
13
439
919
211
947
349
17
251
269
709
919
137
997
547
163
149
73
61
23
359
881
739
509
367
877
607
41
631
229
503
349
967
293
421
367
67
13
229
311
977
97
487
5
127
149
857
383
823
701
113
307
761
457
79
211
101
613
709
991
547
887
421
619
331
601
461
227
853
743
557
13
197
461
137
661
719
347
859
349
821
853
29
521
269
769
401
727
661
61
787
577
683
521
673
97
947
599
643
83
173
617
257
461
877
431
593
761
139
977
547
601
347
19
157
757
719
13
691
191
331
659
131
79
607
499
61
443
977
331
499
229
599
307
593
709
433
947
83
827
293
643
619
13
229
11
37
823
977
59
643
109
47
557
229
739
727
673
877
281
733
863
43
773
179
647
101
619
881
887
811
409
2
613
601
457
431
71
137
613
241
877
523
947
331
547
89
983
311
647
491
241
