113
659
233
859
947
743
7
823
59
647
211
23
683
607
23
137
313
307
109
883
251
71
727
857
503
821
439
163
5
937
43
653
613
953
271
509
827
113
907
139
709
881
311
947
389
349
709
607
467
461
691
281
131
857
83
827
677
461
73
887
241
193
977
947
821
73
227
67
167
3
941
199
233
953
367
421
937
823
347
761
113
23
113
173
971
127
787
163
223
593
101
691
313
419
19
193
227
277
167
971
883
271
31
733
397
991
953
197
13
389
487
503
367
431
487
179
223
857
991
3
967
863
593
293
229
619
733
193
787
773
101
947
17
181
617
127
677
823
761
571
401
73
103
761
67
691
59
761
163
587
139
569
617
211
181
359
181
191
743
107
997
421
347
379
757
163
67
461
2
661
127
929
263
827
229
619
127
59
269
137
547
3
653
263
197
173
563
307
971
241
191
619
761
677
349
509
53
863
191
449
389
523
991
439
821
167
829
73
563
631
109
151
317
457
31
257
251
251
521
3
937
883
317
647
569
193
983
937
59
439
691
733
977
523
181
593
757
331
79
587
631
787
983
97
521
431
419
317
73
347
569
23
857
109
661
557
197
179
31
941
757
811
499
421
653
823
919
881
881
787
257
277
373
509
419
149
367
863
787
131
349
839
487
401
541
607
359
563
821
127
349
661
401
167
937
163
521
653
139
719
23
283
797
503
137
653
727
223
227
307
743
463
967
337
911
941
359
727
109
167
151
641
433
709
877
839
547
29
149
523
313
353
719
131
991
89
601
997
863
229
691
331
269
607
821
73
977
887
89
139
23
563
811
401
271
173
293
653
409
719
37
967
797
883
293
37
61
449
197
857
827
593
983
269
5
109
857
109
677
593
941
653
947
47
947
487
823
463
383
401
523
337
263
929
59
613
911
313
193
89
53
3
179
389
829
859
997
283
929
17
59
101
821
971
331
457
461
617
547
541
43
617
739
673
347
991
647
97
149
89
163
367
257
503
619
59
19
443
367
823
821
419
691
601
569
953
137
199
139
179
857
19
23
691
563
877
439
911
659
19
953
353
607
557
821
919
17
983
881
41
547
617
223
97
61
293
967
179
919
157
29
19
173
263
947
283
293
113
389
487
587
607
389
359
829
359
811
277
601
149
857
313
941
257
647
71
251
137
877
353
757
467
193
463
2
241
139
227
79
83
773
257
547
811
23
127
947
47
347
31
419
467
353
569
3
863
43
821
67
269
769
439
653
827
863
457
367
269
887
313
751
643
307
37
479
293
647
73
241
787
467
683
769
311
881
71
997
31
887
641
919
227
521
877
839
109
839
797
577
883
619
379
487
683
479
521
107
883
587
821
467
421
131
797
653
397
23
599
509
11
199
719
887
173
283
131
809
281
421
691
401
701
587
983
509
157
23
863
379
653
271
599
5
367
433
233
821
67
659
727
19
691
173
521
13
991
109
839
331
2
419
101
173
757
829
827
167
809
631
661
383
83
67
191
757
59
131
439
383
331
941
491
131
971
349
109
727
61
179
113
491
659
887
727
967
59
107
131
503
983
941
977
443
439
449
101
557
919
941
31
631
911
191
937
103
409
5
463
373
683
569
79
859
569
947
269
41
167
607
389
941
293
523
103
373
277
113
383
61
199
157
229
541
313
701
317
547
179
263
37
73
479
61
997
601
293
521
317
23
251
971
397
859
67
509
857
647
823
443
967
733
829
29
131
383
983
47
827
167
257
89
911
61
337
89
487
59
307
863
617
379
499
787
673
971
349
499
709
821
977
859
971
431
53
769
179
743
563
107
61
401
103
967
769
509
11
43
79
509
13
131
739
17
71
863
31
281
257
53
241
257
151
43
181
947
89
283
809
509
719
683
181
311
797
607
719
373
673
983
853
941
751
683
587
593
563
307
17
103
421
5
401
199
349
263
479
523
883
509
757
563
571
167
557
823
127
691
251
503
719
419
2
619
727
823
23
19
911
389
113
659
409
521
701
439
337
263
227
907
367
431
877
43
701
197
613
457
359
601
593
709
577
853
43
179
97
191
73
17
809
41
701
197
809
389
421
151
307
919
269
97
67
467
653
751
811
461
181
127
487
647
211
643
11
509
773
373
157
281
907
881
593
503
839
409
349
599
137
647
17
151
733
101
373
149
829
2
797
787
281
761
239
821
997
17
757
601
313
641
197
113
149
5
167
461
107
29
677
19
293
617
443
167
829
229
487
397
31
149
809
613
829
241
673
293
223
593
787
199
569
887
59
181
397
43
919
89
199
877
653
